0S,0C
0 0
880 1
880 1
879 1
926 1
919 1
919 1
883 1
879 1
926 1
919 1
883 1
887 1
1825 1
883 1
883 1
883 1
879 1
883 1
882 1
883 1
997 1
945 1
992 1
936 1
1025 1
1271 1
1214 1
1256 1
1259 1
1217 1
1263 1
1231 1
1286 1
683 1
682 1
1281 1
1230 1
1323 1
1277 1
1424 1
1111 1
1308 1
1295 1
1295 1
1324 1
-38872 -38
-7710 -6
1117 1
1132 1
-1324 -1
-2249 -2
1109 1
2512 1
1322 1
1322 1
1315 1
1299 1
1321 1
1315 1
1310 1
1313 1
1316 1
1316 1
1316 1
1316 1
1316 1
1316 1
1316 1
1316 1
1316 1
-3621 -2
1306 1
1315 1
1315 1
1316 1
1317 1
1312 1
1313 1
1316 1
1315 1
1315 1
1437 1
1317 1
1314 1
1314 1
1315 1
1318 1
1312 1
1318 1
1319 1
1316 1
1325 1
1313 1
1321 1
1316 1
1305 1
1322 1
1315 1
1314 1
1315 1
1326 1
1314 1
1318 1
1313 1
1316 1
1316 1
1317 1
1314 1
1315 1
1321 1
1314 1
1316 1
1316 1
1317 1
1316 1
1314 1
1317 1
1313 1
1313 1
1318 1
1315 1
1316 1
1322 1
1316 1
1317 1
1316 1
1314 1
1319 1
1315 1
1325 1
1318 1
1320 1
1320 1
1317 1
1316 1
1321 1
1315 1
1317 1
1324 1
1314 1
1314 1
1322 1
1314 1
1320 1
1324 1
1316 1
1314 1
1328 1
1327 1
1317 1
1316 1
1321 1
1331 1
1324 1
1325 1
1314 1
1325 1
1329 1
1328 1
1324 1
1325 1
1328 1
1313 1
1327 1
1321 1
1321 1
1318 1
1327 1
1323 1
1317 1
1318 1
1320 1
1317 1
1319 1
1316 1
1323 1
1318 1
1318 1
1323 1
1319 1
1317 1
1316 1
1316 1
1313 1
1315 1
1317 1
1325 1
1315 1
1316 1
1324 1
1316 1
1315 1
1319 1
1316 1
1315 1
1315 1
1323 1
1314 1
1320 1
1321 1
1324 1
1324 1
1315 1
1436 1
1328 1
1266 1
1414 1
1313 1
1327 1
1322 1
1327 1
1333 1
1329 1
1325 1
1325 1
1328 1
1320 1
1326 1
1326 1
1323 1
1324 1
1327 1
1325 1
1325 1
1323 1
1319 1
1328 1
1322 1
1328 1
1325 1
1327 1
1329 1
1324 1
1328 1
1316 1
1320 1
1328 1
1316 1
1330 1
1317 1
1325 1
1324 1
1319 1
1326 1
1332 1
1325 1
1331 1
1323 1
1325 1
1325 1
1318 1
1324 1
1325 1
-22361 -17
-1306 -1
-1315 -1
-6573 -5
-6700 -5
-1314 -1
-2629 -2
-3948 -3
-3960 -3
-2634 -2
-1316 -1
-7897 -6
-1314 -1
-7894 -6
-6582 -5
-1317 -1
-13160 -10
-9224 -7
-17134 -13
1321 1
1320 1
1315 1
1315 1
1435 1
1442 1
1309 1
-63379 -48
-1319 -1
-15951 -12
-2680 -2
-18548 -14
1426 1
-3977 -3
-1323 -1
1429 1
-6622 -5
-3980 -3
-1328 -1
-1316 -1
-2648 -2
1318 1
1438 1
1429 1
1324 1
1407 1
1278 1
-9257 -7
1349 1
-3988 -3
1420 1
-5291 -4
1262 1
1333 1
-2649 -2
1314 1
1289 1
1256 1
1260 1
1339 1
1316 1
1318 1
1449 1
1437 1
1317 1
1269 1
1317 1
1317 1
1416 1
1333 1
1439 1
1435 1
1416 1
1259 1
1301 1
1394 1
1422 1
-8148 -6
1400 1
-1309 -1
1392 1
-1426 -1
-1429 -1
-1318 -1
-1438 -1
-4160 -3
-1278 -1
-1349 -1
-1420 -1
-2595 -2
-21386 -16
2050 1
-4110 -3
-4117 -3
-2792 -2
1206 1
2026 1
1310 1
1311 1
-2050 -1
-4542 -3
-1311 -1
1311 1
1306 1
1313 1
1320 1
1429 1
142180 1
1315 1
1443 1
1321 1
1300 1
